v 0.6452881997615723 -0.6525350083254084 -0.7651057303587322
v 0.19825508678755988 0.2628790698909837 -1.1485534779215347
v 0.21558360965613865 0.35405300977919885 -0.951093758572048
v -0.7904517204862411 -0.11124215911631481 -0.8890426514431284
v -0.7731231976176615 -0.02006821922810095 -0.6915829320936423
v -0.9728632667629007 0.055236416105982254 -0.7088250306366525
v 0.29094122814105294 0.5334531001421022 -1.040542124690021
v 0.6626167226301516 -0.5613610684371956 -0.567646011009246
v -0.8232872162636393 0.17056523385315253 -0.6078773104979919
v 0.16541959101016188 0.5446864628604512 -0.8673881369763982
v -0.9128909038576782 0.3540515902395887 -0.6847358947596297
v 0.07581590341612168 0.7281728192468884 -0.9442467212380358
v 0.8623567917753894 -0.636665703771279 -0.550403912466237
v 0.36515966015539986 0.4693818275263678 -0.8501460384333885
v 0.8121927731294132 -0.44603225069002456 -0.4666982908705862
v 0.5633368718873928 0.5443709966804144 -0.9021626035337775
v -0.3434186075122284 -1.026656237332704 -0.5055949038803245
v -0.32609008464364964 -0.9354822974444921 -0.3081351845308389
v 1.0103699848614036 -0.3710430815359784 -0.5187148559709747
v 0.4516117217745418 0.9242489347261427 0.134981196817215
v 0.25187165262930317 0.9995535700602257 0.11773909827420606
v 0.4014477031285644 1.1148823878073957 0.21868681841286633
v 0.6497889335065339 0.9992381038801882 0.082964631716826
v -0.4014477031285644 -1.1148823878073957 -0.21868681841286633
v -0.45161172177454106 -0.9242489347261427 -0.134981196817215
v -0.8986448347485522 -0.00883485650975187 -0.518428944380019
v -0.826438842238537 0.8089186974393654 0.3003913404909754
v 0.7368351546444988 -0.625432341052929 -0.3772499247526134
v 0.7368351546444988 -0.625432341052929 -0.3772499247526134
v -0.6497889335065343 -0.9992381038801881 -0.0829646317168257
v -1.096822046480545 -0.0838240256637978 -0.4664123792796297
v 1.0968220464805456 0.08382402566379801 0.4664123792796298
v -0.736835154644499 0.625432341052929 0.37724992475261315
v -0.25187165262930317 -0.9995535700602257 -0.11773909827420606
v 0.8264388422385371 -0.8089186974393651 -0.30039134049097566
v -0.25187165262930317 -0.9995535700602257 -0.11773909827420606
v 0.8264388422385371 -0.8089186974393651 -0.30039134049097566
v 0.16226796503526258 1.1830399264466613 0.04088051401256801
v -0.8623567917753894 0.636665703771279 0.550403912466237
v -0.812192773129413 0.4460322506900247 0.46669829087058623
v 0.898644834748553 0.008834856509751887 0.5184289443800182
v -0.16226796503526364 -1.1830399264466616 -0.040880514012567204
v -0.16226796503526364 -1.1830399264466616 -0.040880514012567204
v 0.8232872162636393 -0.1705652338531518 0.6078773104979915
v 0.8232872162636393 -0.1705652338531518 0.6078773104979915
v 0.9728632667629007 -0.055236416105982254 0.7088250306366525
v -1.010369984861404 0.37104308153597876 0.5187148559709753
v 0.9128909038576793 -0.3540515902395877 0.6847358947596307
v 0.9128909038576793 -0.3540515902395877 0.6847358947596307
v -0.36515966015539986 -0.46938182752636803 0.8501460384333892
v -0.5633368718873928 -0.5443709966804146 0.9021626035337779
v -0.29094122814105294 -0.5334531001421022 1.040542124690021
v -0.16541959101016174 -0.5446864628604515 0.8673881369763985
v -0.16541959101016174 -0.5446864628604515 0.8673881369763985
v -0.6626167226301516 0.5613610684371956 0.567646011009246
v 0.32609008464364964 0.9354822974444921 0.3081351845308389
v 0.7731231976176615 0.02006821922810095 0.6915829320936423
v 0.34341860751222775 1.0266562373327033 0.5055949038803234
v -0.6452881997615725 0.6525350083254091 0.7651057303587315
v -0.07581590341612131 -0.7281728192468884 0.9442467212380364
v -0.07581590341612131 -0.7281728192468884 0.9442467212380364
v -0.21558360965613865 -0.35405300977919885 0.951093758572048
v 0.7904517204862413 0.11124215911631509 0.8890426514431287
v -0.19825508678756026 -0.26287906989098364 1.1485534779215356
f 1 2 3
f 4 2 1
f 5 3 2
f 2 4 5
f 6 7 3
f 8 3 7
f 9 10 7
f 11 12 10
f 13 7 14
f 7 6 9
f 3 5 6
f 3 8 1
f 15 14 16
f 10 9 11
f 1 17 4
f 7 13 8
f 18 5 4
f 16 19 15
f 14 15 13
f 17 1 8
f 20 14 7
f 4 17 18
f 21 10 12
f 22 7 10
f 23 16 14
f 24 6 5
f 18 8 13
f 8 18 17
f 25 26 6
f 12 11 27
f 5 18 24
f 24 13 28
f 24 13 29
f 13 24 18
f 30 31 26
f 6 24 25
f 27 11 9
f 32 19 16
f 33 9 6
f 34 28 35
f 36 29 37
f 12 38 21
f 26 25 30
f 28 34 24
f 29 36 24
f 7 22 20
f 39 6 26
f 14 20 23
f 27 38 12
f 10 21 22
f 40 26 31
f 41 15 19
f 35 42 34
f 37 43 36
f 16 23 32
f 44 28 13
f 45 29 13
f 46 13 15
f 47 31 30
f 48 35 28
f 49 37 29
f 9 33 27
f 6 39 33
f 42 35 48
f 43 37 49
f 19 32 41
f 50 25 24
f 26 40 39
f 31 47 40
f 33 21 38
f 51 30 25
f 32 23 20
f 52 24 34
f 52 24 36
f 53 34 42
f 54 36 43
f 38 27 33
f 15 41 46
f 13 46 44
f 13 46 45
f 41 20 22
f 39 22 21
f 28 44 48
f 29 45 49
f 21 33 39
f 55 56 22
f 20 41 32
f 46 22 56
f 22 39 55
f 30 51 47
f 22 46 41
f 57 56 58
f 59 58 56
f 48 60 42
f 49 61 43
f 25 50 51
f 56 55 59
f 24 52 50
f 56 57 46
f 42 60 53
f 43 61 54
f 34 53 52
f 36 54 52
f 50 40 47
f 52 39 40
f 62 55 39
f 58 63 57
f 53 44 46
f 54 45 46
f 60 48 44
f 61 49 45
f 47 51 50
f 40 50 52
f 58 59 64
f 44 53 60
f 45 54 61
f 52 46 57
f 64 59 55
f 62 57 63
f 39 52 62
f 64 63 58
f 46 52 53
f 46 52 54
f 55 62 64
f 57 62 52
f 63 64 62
