v -0.5288999507514182 -0.603020199894571 -0.6585850712700866
v 0.3988866770891212 -0.11340621489695052 -0.9513838682409489
v 0.5824694851898561 -0.17795265251964223 -1.0397158620612446
v 0.07738773846974595 1.041830850777405 -0.6004552754708941
v -0.6027707306882719 -0.8034307181242576 -0.6656676715431902
v 0.5108035867720314 -0.271776899617152 -0.8615798442749709
v 0.189304648152655 0.883460166057205 -0.5106512515049157
v 0.5846743667088848 -0.07136638138746351 -0.8544972440018689
v 0.189304648152655 0.883460166057205 -0.5106512515049157
v 0.5846743667088848 -0.07136638138746351 -0.8544972440018689
v 0.0035169585328920345 0.8414203325477181 -0.6075378757439964
v 0.48813743935882076 -0.1539050393348031 -0.7362980359588783
v -0.45137226180024975 -0.2405004308913003 -0.7623595749045871
v 0.038724216966786275 0.01813456427018744 -0.9170283910704816
v 0.17603308199709455 -0.04417131948035497 -0.586127110636527
v -0.6602234147065259 0.26387968700833747 -0.5807254522473704
v -0.17012693593948985 0.522514682169826 -0.7353942684132644
v -0.41698304106850803 -0.7613908846147711 -0.5687810473041086
v 0.4250015498371703 -0.06456309733253957 -0.786959343099863
v -0.4396491884817176 -0.6435190243324226 -0.443499238988017
v -0.012041025968115161 0.777205500479888 -0.44710887075831435
v 0.38332869258811336 -0.17762104696478132 -0.790954863255267
v -0.012041025968115161 0.777205500479888 -0.44710887075831435
v 0.38332869258811336 -0.17762104696478132 -0.790954863255267
v -0.032818070909181006 0.46020879841928514 -0.40449298797931066
v -0.5027850780033689 -0.5541770823301593 -0.49416054612900134
v -0.31406339676994277 -0.30280631464184216 -0.43145829447063266
v 0.9220647877886148 -0.4583926186822743 0.12952046071375814
v 0.3031642198505138 -0.22407125960690674 -0.4841149322895947
v 0.09276772080259267 0.8009215081098658 -0.39245204346192564
v 1.1078524774083776 -0.416352785172787 0.2264070849528387
v -0.924269669307645 0.3518063475500959 -0.31473907877313334
v -0.5229145496762181 0.2015738032577959 -0.2498241718134149
v 0.17822600140695574 0.5079636183510722 -0.29443538527039637
v 0.3870771543132313 0.0035835004514335168 -0.47606950792761316
v 0.17822600140695574 0.5079636183510722 -0.29443538527039637
v 0.3870771543132313 0.0035835004514335168 -0.47606950792761316
v 0.9959355677254711 -0.2579821004525874 0.13660306098686018
v 0.9959355677254711 -0.2579821004525874 0.13660306098686018
v 0.8362627508537555 -0.2511788163976641 0.20414096188886627
v 0.48798857697737236 0.6714323346238671 -0.39219289411132197
v 0.6968397298836487 0.16705221672422912 -0.5738270167685398
v 0.48798857697737236 0.6714323346238671 -0.39219289411132197
v 0.6968397298836487 0.16705221672422912 -0.5738270167685398
v -1.1078524774083776 0.416352785172787 -0.2264070849528387
v -0.18693225891652354 -0.4827062547683942 -0.329446116123699
v 0.4351673535964543 -0.5428617246601563 -0.598915703328224
v -0.0549291251705848 -0.8014967198216426 -0.4442468871623261
v -0.6005658491692445 -0.6968444469920796 -0.48044905348381495
v 0.5204099317669103 -0.3226496439594293 0.039426531883564424
v -0.8350189070379447 0.31130752311224386 -0.09965324649106314
v -0.9959355677254711 0.2579821004525874 -0.13660306098686018
v -0.39922017504847207 -0.5905897814147635 -0.5439914342304166
v 0.6524130655128492 -0.641440109012677 -0.07537423915506321
v -0.9220647877886148 0.4583926186822744 -0.12952046071375806
v 0.005721840051920867 0.9480066036798962 -0.42231925768462036
v -0.8362627508537541 0.2511788163976629 -0.20414096188886507
v 0.09152387698678201 0.7407928013952848 -0.4969397588597293
v 0.7945898936047004 -0.3642367660299052 0.2001454417334632
v 0.7945898936047004 -0.3642367660299052 0.2001454417334632
v 0.9140854418000467 0.06847383237170661 -0.05028555259538098
v 0.9140854418000467 0.06847383237170661 -0.05028555259538098
v 0.6043228662296292 -0.09499488390108991 0.047471956245545795
v 0.6043228662296292 -0.09499488390108991 0.047471956245545795
v -0.7945898936047004 0.3642367660299052 -0.2001454417334632
v -0.3954717133233544 -0.4093852339985496 -0.2291060789027632
v -0.52040993176691 0.3226496439594298 -0.039426531883563286
v -0.030313452999873366 0.5812846391209178 -0.19409534804945947
v -0.005721840051921086 -0.9480066036798965 0.42231925768462125
v -0.189304648152655 -0.883460166057205 0.5106512515049157
v -0.07738773846974595 -1.041830850777405 0.6004552754708941
v 0.600565849169244 0.6968444469920796 0.4804490534838153
v 0.600565849169244 0.6968444469920796 0.4804490534838153
v 0.03031345299987379 -0.5812846391209181 0.19409534804946035
v 0.012041025968115352 -0.7772055004798881 0.44710887075831396
v 0.7052342888937696 0.572853950271345 0.13134857006183673
v 0.7052342888937696 0.572853950271345 0.13134857006183673
v 0.3954717133233544 0.4093852339985496 0.2291060789027632
v 0.3954717133233544 0.4093852339985496 0.2291060789027632
v -0.17822600140695574 -0.5079636183510722 0.29443538527039637
v -0.6043228662296292 0.09499488390108991 -0.047471956245545795
v 0.16231658674581353 -0.9000751041741669 0.07929457701083167
v 0.3992201750484729 0.5905897814147643 0.5439914342304176
v 0.3992201750484729 0.5905897814147643 0.5439914342304176
v -0.7052342888937688 -0.5728539502713437 -0.1313485700618364
v 0.6027707306882719 0.8034307181242576 0.6656676715431902
v 0.4169830410685083 0.7613908846147709 0.5687810473041102
v -0.09152387698678195 -0.7407928013952858 0.49693975885973046
v -0.6524130655128498 0.6414401090126782 0.07537423915506337
v -0.16231658674581403 0.900075104174167 -0.07929457701083205
v 0.5027850780033692 0.5541770823301604 0.49416054612900145
v -0.9140854418000465 -0.06847383237170705 0.05028555259538024
v -0.48798857697737275 -0.6714323346238674 0.39219289411132163
v 0.18693225891652385 0.4827062547683938 0.3294461161236994
v -0.30316421985051367 0.22407125960690685 0.484114932289595
v -0.4250015498371702 0.06456309733254009 0.7869593430998629
v -0.3870771543132317 -0.003583500451433509 0.4760695079276127
v -0.696839729883649 -0.167052216724229 0.5738270167685393
v -0.5108035867720299 0.2717768996171519 0.8615798442749709
v -0.5846743667088854 0.07136638138746325 0.854497244001869
v -0.3833286925881127 0.17762104696478132 0.7909548632552679
v -0.43516735359645387 0.5428617246601559 0.5989157033282217
v -0.5824694851898561 0.17795265251964223 1.0397158620612446
v 0.05492912517058482 0.8014967198216425 0.44424688716232685
v -0.09276772080259275 -0.8009215081098662 0.39245204346192597
v 0.8350189070379446 -0.3113075231122443 0.09965324649106279
v 0.5229145496762181 -0.20157380325779606 0.24982417181341465
v 0.31406339676994277 0.3028063146418418 0.4314582944706325
v 0.4396491884817178 0.6435190243324223 0.4434992389880166
v 0.924269669307645 -0.3518063475500959 0.31473907877313334
v -0.0035169585328920345 -0.8414203325477181 0.6075378757439964
v 0.032818070909181714 -0.46020879841928525 0.40449298797931066
v 0.5288999507514169 0.6030201998945709 0.6585850712700866
v 0.6602234147065252 -0.2638796870083368 0.5807254522473694
v 0.45137226180025014 0.24050043089130002 0.7623595749045872
v -0.17603308199709403 0.04417131948035454 0.5861271106365266
v -0.48813743935882076 0.1539050393348028 0.7362980359588781
v 0.17012693593948977 -0.5225146821698253 0.7353942684132643
v -0.03872421696678659 -0.018134564270186948 0.9170283910704811
v -0.3988866770891212 0.11340621489695052 0.9513838682409489
f 1 2 3
f 4 3 2
f 5 3 6
f 7 8 3
f 9 10 3
f 3 5 1
f 11 2 12
f 13 14 15
f 14 13 16
f 16 17 14
f 18 6 19
f 2 11 4
f 3 4 7
f 3 4 9
f 20 12 2
f 6 18 5
f 21 22 8
f 23 24 10
f 14 17 25
f 2 1 20
f 25 15 14
f 19 26 18
f 8 7 21
f 10 9 23
f 15 27 13
f 16 13 27
f 28 6 3
f 26 19 29
f 27 15 12
f 12 30 11
f 30 12 15
f 31 3 8
f 31 3 10
f 32 1 5
f 12 20 27
f 17 16 33
f 34 35 22
f 36 37 24
f 22 21 34
f 24 23 36
f 38 8 22
f 39 10 24
f 40 19 6
f 41 42 35
f 43 44 37
f 45 4 11
f 46 29 47
f 33 25 17
f 15 25 30
f 47 48 46
f 45 5 49
f 32 11 30
f 29 46 26
f 27 33 16
f 50 29 19
f 5 45 32
f 51 20 1
f 35 34 41
f 37 36 43
f 52 49 53
f 54 47 29
f 55 56 4
f 11 32 45
f 33 27 20
f 57 58 56
f 48 47 54
f 1 32 51
f 59 22 35
f 60 24 37
f 61 42 41
f 62 44 43
f 63 35 42
f 64 37 44
f 65 53 66
f 4 45 55
f 51 30 25
f 53 65 52
f 49 52 45
f 30 51 32
f 20 51 33
f 56 55 57
f 25 33 51
f 58 57 67
f 67 68 58
f 3 31 28
f 69 18 26
f 70 49 5
f 71 5 18
f 72 7 4
f 73 9 4
f 74 46 48
f 75 53 49
f 42 61 63
f 44 62 64
f 76 41 34
f 77 43 36
f 19 40 50
f 6 28 40
f 29 50 54
f 78 34 21
f 79 36 23
f 8 38 31
f 10 39 31
f 80 66 53
f 66 81 65
f 22 59 38
f 24 60 39
f 54 82 48
f 83 21 7
f 84 23 9
f 81 66 85
f 86 4 56
f 87 56 58
f 88 26 46
f 41 76 61
f 43 77 62
f 35 63 59
f 37 64 60
f 89 90 68
f 91 58 68
f 48 82 74
f 68 67 89
f 85 92 81
f 93 85 66
f 82 54 50
f 94 68 90
f 34 78 76
f 36 79 77
f 53 75 80
f 78 63 61
f 79 64 62
f 95 67 57
f 61 76 78
f 62 77 79
f 50 74 82
f 21 83 78
f 23 84 79
f 46 74 88
f 26 88 69
f 74 50 40
f 5 71 70
f 96 57 55
f 18 69 71
f 66 80 93
f 49 70 75
f 97 81 92
f 98 92 85
f 99 55 45
f 7 72 83
f 9 73 84
f 100 52 65
f 101 65 81
f 4 86 72
f 4 86 73
f 58 91 87
f 90 89 102
f 68 94 91
f 102 89 67
f 103 45 52
f 90 104 94
f 105 106 107
f 69 28 31
f 108 107 106
f 83 59 63
f 84 60 64
f 56 87 86
f 72 38 59
f 73 39 60
f 63 78 83
f 64 79 84
f 88 40 28
f 85 93 98
f 109 106 110
f 40 88 74
f 102 104 90
f 106 109 108
f 111 110 106
f 86 31 38
f 86 31 39
f 67 95 102
f 107 112 105
f 28 69 88
f 57 96 95
f 106 105 111
f 92 98 97
f 71 31 110
f 113 110 31
f 97 80 75
f 81 97 101
f 59 83 72
f 60 84 73
f 112 107 114
f 31 71 69
f 95 94 104
f 98 93 80
f 38 72 86
f 39 73 86
f 80 97 98
f 110 113 109
f 107 108 115
f 65 101 100
f 116 108 109
f 55 99 96
f 110 111 71
f 104 102 95
f 117 105 112
f 31 86 113
f 115 114 107
f 94 95 96
f 96 91 94
f 45 103 99
f 75 101 97
f 114 118 112
f 116 112 118
f 112 116 117
f 101 75 70
f 52 100 103
f 109 117 116
f 117 109 113
f 99 87 91
f 108 116 119
f 120 111 105
f 100 70 71
f 118 114 115
f 105 117 120
f 119 115 108
f 91 96 99
f 70 100 101
f 118 119 116
f 103 71 111
f 103 86 87
f 120 113 86
f 113 120 117
f 115 119 118
f 87 99 103
f 71 103 100
f 111 120 103
f 86 103 120
