v -0.6359548151231199 -0.6460876244175626 -0.7937752680917004
v 0.6364909262875783 -0.1285418456968241 -1.0150385294146702
v 0.34042724407476727 -0.19550542667988732 -0.48846103719438927
v -0.32097609860708454 -0.25852143154137647 -0.4616702924504218
v 0.23822103642858125 1.0858309851615795 -0.4649394917661792
v 0.2575223740451374 -0.02322696453673859 -0.5622643331735101
v 0.2504063901901673 0.5369727538953541 -0.2041180211364916
v 0.4314738538066366 -0.015123736366866397 -0.4542123416489385
v -0.23807122857745336 -0.4307998936845242 -0.38786699647130096
v -0.5020435622235538 0.2935750587208452 -0.21157597193797434
v 0.521250972748585 -0.3954281850895174 0.08379484954801175
v -1.0342247049821156 0.568285206440843 -0.2436762304432058
v -0.41207854504947017 -0.3582244038057149 -0.3075285587626118
v 0.07645491042866809 0.5288695257254834 -0.31217001266106376
v 1.0342247049821156 -0.568285206440843 0.2436762304432058
v -0.23125481637565293 -0.5581471622153434 0.2647273279797907
v -0.5020993989340707 0.3742537767695283 -0.02318554270471263
v -0.23822103642858125 -1.0858309851615795 0.4649394917661792
v 0.0763990737181518 0.609548243774164 -0.12377958342780189
v -0.5931460086659388 0.1938720864565075 -0.05743423825016399
v 0.612297582480453 -0.21504649477649604 0.11804354509346307
v 0.4312301188639842 0.33704999548572556 0.3681378656059109
v -0.057247499903636555 -0.6307226520941531 0.18438889027110164
v -0.41232227999212107 -0.006050671953121775 0.5148216484922372
v 0.6359548151231199 0.6460876244175626 0.7937752680917004
v -0.3212756702602523 0.17433101835989867 0.5490703440376887
v -0.6364909262875783 0.1285418456968241 1.0150385294146702
v 0.25722280239196904 0.4096254853645362 0.4484763033146005
v 0.5211951360380684 -0.3147494670408343 0.2721852787812731
v 0.5211951360380684 -0.3147494670408343 0.2721852787812731
v 0.3401276724215999 0.2373470232213875 0.522279599293722
v 0.3401276724215999 0.2373470232213875 0.522279599293722
v -0.05730333661415286 -0.5500439340454715 0.37277931950436366
v -0.05730333661415286 -0.5500439340454715 0.37277931950436366
v -0.23837080023062193 0.002052556216749769 0.6228736400168099
v -0.23837080023062193 0.002052556216749769 0.6228736400168099
f 1 2 3
f 2 1 4
f 5 2 6
f 4 6 2
f 2 5 7
f 7 8 2
f 3 9 1
f 10 4 1
f 11 3 2
f 12 1 13
f 6 14 5
f 1 12 10
f 6 4 10
f 15 2 8
f 10 14 6
f 12 5 14
f 16 13 1
f 9 3 11
f 14 10 12
f 5 12 17
f 18 1 9
f 2 15 11
f 17 19 5
f 13 20 12
f 21 8 7
f 22 7 5
f 11 23 9
f 8 21 15
f 1 18 16
f 24 20 13
f 25 5 19
f 9 23 18
f 7 22 21
f 26 17 12
f 19 17 26
f 13 16 24
f 23 11 15
f 5 25 22
f 27 12 20
f 26 28 19
f 15 18 23
f 18 15 29
f 18 15 30
f 31 29 15
f 32 30 15
f 29 33 18
f 30 34 18
f 19 28 25
f 25 15 21
f 33 29 31
f 34 30 32
f 24 16 18
f 21 22 25
f 12 27 26
f 20 24 27
f 31 35 33
f 32 36 34
f 15 25 31
f 15 25 32
f 27 18 33
f 27 18 34
f 35 31 25
f 36 32 25
f 18 27 24
f 33 35 27
f 34 36 27
f 28 26 27
f 27 25 28
f 25 27 35
f 25 27 36
